{
  "Tool Call": {
    "return_matrix": [
      0.02,
      -0.01,
      0.03,
      0.01,
      -0.02,
      0.04,
      0.0,
      0.02,
      -0.03,
      0.01,
      0.01,
      0.02,
      -0.01,
      0.03,
      -0.02,
      0.01,
      0.02,
      0.0,
      -0.01,
      0.03,
      -0.01,
      0.02,
      0.01,
      -0.02,
      0.03,
      0.0,
      0.01,
      -0.01,
      0.02,
      0.01,
      0.0,
      -0.01,
      0.02,
      0.01,
      -0.02,
      0.03,
      0.01,
      0.0,
      -0.01,
      0.02
    ],
    "asset_count": 4,
    "time_periods": 10,
    "method": "pearson"
  },
  "Return Data": {
    "correlation_matrix": [
      1.0,
      0.65,
      -0.32,
      0.18,
      0.65,
      1.0,
      -0.28,
      0.42,
      -0.32,
      -0.28,
      1.0,
      -0.15,
      0.18,
      0.42,
      -0.15,
      1.0
    ],
    "p_values": [
      0.0,
      0.042,
      0.368,
      0.621,
      0.042,
      0.0,
      0.434,
      0.229,
      0.368,
      0.434,
      0.0,
      0.675,
      0.621,
      0.229,
      0.675,
      0.0
    ],
    "significant_correlations": [
      true,
      true,
      false,
      false,
      true,
      true,
      false,
      false,
      false,
      false,
      true,
      false,
      false,
      false,
      false,
      true
    ],
    "method_used": "pearson"
  }
}